WalkerID, PositionX, PositionY, PositionZ, Collisions, XIRate, log10(XIRate)
0, 1, 7, 0, 5714, 0.14285, 0.816361
1, 2, 7, 0, 5640, 0.141, 0.81513
2, 3, 7, 0, 5555, 0.138875, 0.813697
3, 4, 7, 0, 5621, 0.140525, 0.814812
4, 5, 7, 0, 5551, 0.138775, 0.813629
5, 6, 7, 0, 5495, 0.137375, 0.812673
6, 7, 7, 0, 5589, 0.139725, 0.814273
7, 1, 8, 0, 5660, 0.1415, 0.815464
8, 2, 8, 0, 5538, 0.13845, 0.813408
9, 3, 8, 0, 5708, 0.1427, 0.816261
10, 4, 8, 0, 5652, 0.1413, 0.815331
11, 5, 8, 0, 5600, 0.14, 0.814459
12, 6, 8, 0, 5765, 0.144125, 0.817199
13, 7, 8, 0, 5844, 0.1461, 0.818484
14, 1, 9, 0, 5576, 0.1394, 0.814053
15, 2, 9, 0, 5534, 0.13835, 0.81334
16, 3, 9, 0, 5483, 0.137075, 0.812466
17, 4, 9, 0, 5690, 0.14225, 0.815963
18, 5, 9, 0, 5633, 0.140825, 0.815013
19, 6, 9, 0, 5632, 0.1408, 0.814996
20, 7, 9, 0, 5796, 0.1449, 0.817705
21, 1, 10, 0, 5379, 0.134475, 0.810659
22, 2, 10, 0, 5766, 0.14415, 0.817215
23, 3, 10, 0, 5784, 0.1446, 0.81751
24, 4, 10, 0, 5538, 0.13845, 0.813408
25, 5, 10, 0, 5580, 0.1395, 0.814121
26, 6, 10, 0, 5616, 0.1404, 0.814728
27, 7, 10, 0, 5502, 0.13755, 0.812793
28, 12, 10, 0, 33408, 0.8352, 0.983006
29, 1, 11, 0, 5588, 0.1397, 0.814256
30, 2, 11, 0, 5466, 0.13665, 0.812173
31, 3, 11, 0, 5529, 0.138225, 0.813255
32, 4, 11, 0, 5572, 0.1393, 0.813986
33, 5, 11, 0, 5509, 0.137725, 0.812913
34, 6, 11, 0, 5551, 0.138775, 0.813629
35, 7, 11, 0, 5759, 0.143975, 0.817101
36, 12, 11, 0, 33288, 0.8322, 0.982666
37, 1, 12, 0, 5598, 0.13995, 0.814425
38, 2, 12, 0, 5694, 0.14235, 0.81603
39, 3, 12, 0, 5489, 0.137225, 0.812569
40, 4, 12, 0, 5535, 0.138375, 0.813357
41, 5, 12, 0, 5672, 0.1418, 0.815664
42, 6, 12, 0, 5853, 0.146325, 0.818629
43, 7, 12, 0, 5567, 0.139175, 0.813901
44, 16, 14, 0, 31249, 0.781225, 0.976701
45, 17, 17, 0, 31039, 0.775975, 0.976065
46, 7, 1, 1, 40000, 1, 1
47, 17, 3, 1, 40000, 1, 1
48, 18, 6, 1, 33303, 0.832575, 0.982708
49, 1, 7, 1, 5561, 0.139025, 0.813799
50, 2, 7, 1, 5509, 0.137725, 0.812913
51, 3, 7, 1, 5538, 0.13845, 0.813408
52, 4, 7, 1, 5713, 0.142825, 0.816344
53, 5, 7, 1, 5500, 0.1375, 0.812758
54, 6, 7, 1, 5558, 0.13895, 0.813748
55, 7, 7, 1, 5648, 0.1412, 0.815264
56, 18, 7, 1, 33372, 0.8343, 0.982904
57, 1, 8, 1, 5525, 0.138125, 0.813186
58, 2, 8, 1, 5868, 0.1467, 0.81887
59, 3, 8, 1, 5755, 0.143875, 0.817035
60, 4, 8, 1, 5667, 0.141675, 0.815581
61, 5, 8, 1, 5689, 0.142225, 0.815947
62, 6, 8, 1, 5505, 0.137625, 0.812844
63, 7, 8, 1, 5482, 0.13705, 0.812449
64, 1, 9, 1, 5642, 0.14105, 0.815164
65, 2, 9, 1, 5444, 0.1361, 0.811793
66, 3, 9, 1, 5639, 0.140975, 0.815114
67, 4, 9, 1, 5546, 0.13865, 0.813544
68, 5, 9, 1, 5574, 0.13935, 0.81402
69, 6, 9, 1, 5732, 0.1433, 0.816657
70, 7, 9, 1, 5765, 0.144125, 0.817199
71, 1, 10, 1, 5637, 0.140925, 0.81508
72, 2, 10, 1, 5669, 0.141725, 0.815614
73, 3, 10, 1, 5789, 0.144725, 0.817591
74, 4, 10, 1, 5804, 0.1451, 0.817835
75, 5, 10, 1, 5453, 0.136325, 0.811948
76, 6, 10, 1, 5467, 0.136675, 0.81219
77, 7, 10, 1, 5675, 0.141875, 0.815714
78, 1, 11, 1, 5529, 0.138225, 0.813255
79, 2, 11, 1, 5656, 0.1414, 0.815398
80, 3, 11, 1, 5611, 0.140275, 0.814644
81, 4, 11, 1, 5669, 0.141725, 0.815614
82, 5, 11, 1, 5754, 0.14385, 0.817019
83, 6, 11, 1, 5587, 0.139675, 0.814239
84, 7, 11, 1, 5709, 0.142725, 0.816278
85, 1, 12, 1, 5656, 0.1414, 0.815398
86, 2, 12, 1, 5569, 0.139225, 0.813935
87, 3, 12, 1, 5676, 0.1419, 0.815731
88, 4, 12, 1, 5633, 0.140825, 0.815013
89, 5, 12, 1, 5522, 0.13805, 0.813135
90, 6, 12, 1, 5706, 0.14265, 0.816228
91, 7, 12, 1, 5603, 0.140075, 0.814509
92, 16, 14, 1, 31108, 0.7777, 0.976274
93, 1, 15, 1, 13272, 0.3318, 0.895889
94, 2, 15, 1, 13287, 0.332175, 0.895996
95, 3, 15, 1, 13163, 0.329075, 0.895111
96, 4, 15, 1, 13431, 0.335775, 0.897013
97, 8, 15, 1, 26606, 0.66515, 0.961521
98, 1, 16, 1, 13197, 0.329925, 0.895355
99, 2, 16, 1, 13285, 0.332125, 0.895982
100, 3, 16, 1, 13351, 0.333775, 0.896449
101, 4, 16, 1, 13419, 0.335475, 0.896929
102, 8, 16, 1, 26638, 0.66595, 0.961635
103, 1, 17, 1, 13426, 0.33565, 0.896978
104, 2, 17, 1, 13129, 0.328225, 0.894867
105, 3, 17, 1, 13476, 0.3369, 0.897329
106, 4, 17, 1, 13412, 0.3353, 0.89688
107, 17, 17, 1, 31134, 0.77835, 0.976353
108, 1, 18, 1, 13265, 0.331625, 0.89584
109, 2, 18, 1, 13313, 0.332825, 0.89618
110, 3, 18, 1, 13427, 0.335675, 0.896985
111, 4, 18, 1, 13323, 0.333075, 0.896251
112, 3, 1, 2, 14591, 0.364775, 0.904831
113, 4, 1, 2, 14388, 0.3597, 0.903509
114, 10, 1, 2, 9980, 0.2495, 0.868987
115, 11, 1, 2, 10077, 0.251925, 0.8699
116, 12, 1, 2, 10057, 0.251425, 0.869712
117, 13, 1, 2, 10002, 0.25005, 0.869195
118, 3, 2, 2, 14391, 0.359775, 0.903528
119, 4, 2, 2, 14602, 0.36505, 0.904902
120, 10, 2, 2, 10138, 0.25345, 0.870469
121, 11, 2, 2, 9868, 0.2467, 0.867922
122, 12, 2, 2, 10098, 0.25245, 0.870096
123, 13, 2, 2, 9917, 0.247925, 0.868389
124, 3, 3, 2, 14396, 0.3599, 0.903561
125, 4, 3, 2, 14406, 0.36015, 0.903627
126, 10, 3, 2, 9856, 0.2464, 0.867807
127, 11, 3, 2, 9881, 0.247025, 0.868046
128, 12, 3, 2, 9921, 0.248025, 0.868427
129, 13, 3, 2, 9965, 0.249125, 0.868845
130, 3, 4, 2, 14497, 0.362425, 0.904221
131, 4, 4, 2, 14437, 0.360925, 0.903829
132, 10, 4, 2, 10049, 0.251225, 0.869637
133, 11, 4, 2, 9986, 0.24965, 0.869044
134, 12, 4, 2, 10041, 0.251025, 0.869562
135, 13, 4, 2, 10124, 0.2531, 0.870339
136, 1, 7, 2, 5780, 0.1445, 0.817444
137, 2, 7, 2, 5645, 0.141125, 0.815214
138, 3, 7, 2, 5681, 0.142025, 0.815814
139, 4, 7, 2, 5586, 0.13965, 0.814223
140, 5, 7, 2, 5709, 0.142725, 0.816278
141, 6, 7, 2, 5560, 0.139, 0.813782
142, 7, 7, 2, 5564, 0.1391, 0.81385
143, 1, 8, 2, 5601, 0.140025, 0.814476
144, 2, 8, 2, 5396, 0.1349, 0.810957
145, 3, 8, 2, 5550, 0.13875, 0.813612
146, 4, 8, 2, 5443, 0.136075, 0.811775
147, 5, 8, 2, 5609, 0.140225, 0.81461
148, 6, 8, 2, 5601, 0.140025, 0.814476
149, 7, 8, 2, 5827, 0.145675, 0.818209
150, 1, 9, 2, 5793, 0.144825, 0.817656
151, 2, 9, 2, 5538, 0.13845, 0.813408
152, 3, 9, 2, 5625, 0.140625, 0.814879
153, 4, 9, 2, 5465, 0.136625, 0.812156
154, 5, 9, 2, 5597, 0.139925, 0.814408
155, 6, 9, 2, 5476, 0.1369, 0.812346
156, 7, 9, 2, 5577, 0.139425, 0.81407
157, 1, 10, 2, 5399, 0.134975, 0.811009
158, 2, 10, 2, 5348, 0.1337, 0.810114
159, 3, 10, 2, 5548, 0.1387, 0.813578
160, 4, 10, 2, 5610, 0.14025, 0.814627
161, 5, 10, 2, 5717, 0.142925, 0.81641
162, 6, 10, 2, 5513, 0.137825, 0.812981
163, 7, 10, 2, 5526, 0.13815, 0.813203
164, 1, 11, 2, 5674, 0.14185, 0.815698
165, 2, 11, 2, 5713, 0.142825, 0.816344
166, 3, 11, 2, 5671, 0.141775, 0.815648
167, 4, 11, 2, 5688, 0.1422, 0.81593
168, 5, 11, 2, 5917, 0.147925, 0.819655
169, 6, 11, 2, 5672, 0.1418, 0.815664
170, 7, 11, 2, 5600, 0.14, 0.814459
171, 1, 12, 2, 5687, 0.142175, 0.815914
172, 2, 12, 2, 5764, 0.1441, 0.817183
173, 3, 12, 2, 5687, 0.142175, 0.815914
174, 4, 12, 2, 5597, 0.139925, 0.814408
175, 5, 12, 2, 5818, 0.14545, 0.818063
176, 6, 12, 2, 5489, 0.137225, 0.812569
177, 7, 12, 2, 5609, 0.140225, 0.81461
178, 11, 14, 2, 11085, 0.277125, 0.878897
179, 12, 14, 2, 11242, 0.28105, 0.880224
180, 13, 14, 2, 11087, 0.277175, 0.878914
181, 1, 15, 2, 13230, 0.33075, 0.89559
182, 2, 15, 2, 13251, 0.331275, 0.89574
183, 3, 15, 2, 13218, 0.33045, 0.895505
184, 4, 15, 2, 13199, 0.329975, 0.895369
185, 8, 15, 2, 26701, 0.667525, 0.961858
186, 11, 15, 2, 11069, 0.276725, 0.87876
187, 12, 15, 2, 11177, 0.279425, 0.879677
188, 13, 15, 2, 11183, 0.279575, 0.879727
189, 1, 16, 2, 13480, 0.337, 0.897357
190, 2, 16, 2, 13427, 0.335675, 0.896985
191, 3, 16, 2, 13433, 0.335825, 0.897027
192, 4, 16, 2, 13456, 0.3364, 0.897189
193, 8, 16, 2, 26683, 0.667075, 0.961794
194, 11, 16, 2, 10935, 0.273375, 0.877611
195, 12, 16, 2, 10930, 0.27325, 0.877568
196, 13, 16, 2, 10932, 0.2733, 0.877585
197, 1, 17, 2, 13360, 0.334, 0.896513
198, 2, 17, 2, 13401, 0.335025, 0.896802
199, 3, 17, 2, 13449, 0.336225, 0.89714
200, 4, 17, 2, 13614, 0.34035, 0.89829
201, 11, 17, 2, 11050, 0.27625, 0.878598
202, 12, 17, 2, 11131, 0.278275, 0.879288
203, 13, 17, 2, 11156, 0.2789, 0.879499
204, 1, 18, 2, 13201, 0.330025, 0.895383
205, 2, 18, 2, 13306, 0.33265, 0.896131
206, 3, 18, 2, 13219, 0.330475, 0.895512
207, 4, 18, 2, 13298, 0.33245, 0.896074
208, 3, 1, 3, 14563, 0.364075, 0.904649
209, 4, 1, 3, 14487, 0.362175, 0.904156
210, 10, 1, 3, 9928, 0.2482, 0.868494
211, 11, 1, 3, 10194, 0.25485, 0.870989
212, 12, 1, 3, 9991, 0.249775, 0.869091
213, 13, 1, 3, 10268, 0.2567, 0.871672
214, 3, 2, 3, 14477, 0.361925, 0.90409
215, 4, 2, 3, 14294, 0.35735, 0.90289
216, 10, 2, 3, 9954, 0.24885, 0.868741
217, 11, 2, 3, 9907, 0.247675, 0.868294
218, 12, 2, 3, 10243, 0.256075, 0.871442
219, 13, 2, 3, 9944, 0.2486, 0.868646
220, 3, 3, 3, 14617, 0.365425, 0.904999
221, 4, 3, 3, 14547, 0.363675, 0.904546
222, 10, 3, 3, 10132, 0.2533, 0.870414
223, 11, 3, 3, 10027, 0.250675, 0.86943
224, 12, 3, 3, 9984, 0.2496, 0.869025
225, 13, 3, 3, 10037, 0.250925, 0.869525
226, 3, 4, 3, 14397, 0.359925, 0.903568
227, 4, 4, 3, 14454, 0.36135, 0.90394
228, 10, 4, 3, 10106, 0.25265, 0.870171
229, 11, 4, 3, 10273, 0.256825, 0.871718
230, 12, 4, 3, 10026, 0.25065, 0.869421
231, 13, 4, 3, 10322, 0.25805, 0.872167
232, 1, 7, 3, 5662, 0.14155, 0.815498
233, 2, 7, 3, 5664, 0.1416, 0.815531
234, 3, 7, 3, 5630, 0.14075, 0.814963
235, 4, 7, 3, 5689, 0.142225, 0.815947
236, 5, 7, 3, 5654, 0.14135, 0.815364
237, 6, 7, 3, 5727, 0.143175, 0.816575
238, 7, 7, 3, 5822, 0.14555, 0.818128
239, 12, 7, 3, 13355, 0.333875, 0.896478
240, 13, 7, 3, 13283, 0.332075, 0.895967
241, 14, 7, 3, 13218, 0.33045, 0.895505
242, 15, 7, 3, 13299, 0.332475, 0.896081
243, 1, 8, 3, 5476, 0.1369, 0.812346
244, 2, 8, 3, 5480, 0.137, 0.812415
245, 3, 8, 3, 5770, 0.14425, 0.817281
246, 4, 8, 3, 5675, 0.141875, 0.815714
247, 5, 8, 3, 5679, 0.141975, 0.815781
248, 6, 8, 3, 5370, 0.13425, 0.810501
249, 7, 8, 3, 5762, 0.14405, 0.81715
250, 12, 8, 3, 13374, 0.33435, 0.896612
251, 13, 8, 3, 13224, 0.3306, 0.895547
252, 14, 8, 3, 13245, 0.331125, 0.895697
253, 15, 8, 3, 13272, 0.3318, 0.895889
254, 1, 9, 3, 5649, 0.141225, 0.815281
255, 2, 9, 3, 5608, 0.1402, 0.814593
256, 3, 9, 3, 5625, 0.140625, 0.814879
257, 4, 9, 3, 5514, 0.13785, 0.812998
258, 5, 9, 3, 5795, 0.144875, 0.817689
259, 6, 9, 3, 5770, 0.14425, 0.817281
260, 7, 9, 3, 5438, 0.13595, 0.811689
261, 12, 9, 3, 13283, 0.332075, 0.895967
262, 13, 9, 3, 13500, 0.3375, 0.897497
263, 14, 9, 3, 13295, 0.332375, 0.896053
264, 15, 9, 3, 13420, 0.3355, 0.896936
265, 1, 10, 3, 5449, 0.136225, 0.811879
266, 2, 10, 3, 5678, 0.14195, 0.815764
267, 3, 10, 3, 5654, 0.14135, 0.815364
268, 4, 10, 3, 5562, 0.13905, 0.813816
269, 5, 10, 3, 5581, 0.139525, 0.814138
270, 6, 10, 3, 5588, 0.1397, 0.814256
271, 7, 10, 3, 5467, 0.136675, 0.81219
272, 12, 10, 3, 13188, 0.3297, 0.89529
273, 13, 10, 3, 13417, 0.335425, 0.896915
274, 14, 10, 3, 13327, 0.333175, 0.89628
275, 15, 10, 3, 13309, 0.332725, 0.896152
276, 1, 11, 3, 5313, 0.132825, 0.809494
277, 2, 11, 3, 5508, 0.1377, 0.812896
278, 3, 11, 3, 5656, 0.1414, 0.815398
279, 4, 11, 3, 5606, 0.14015, 0.81456
280, 5, 11, 3, 5576, 0.1394, 0.814053
281, 6, 11, 3, 5485, 0.137125, 0.812501
282, 7, 11, 3, 5524, 0.1381, 0.813169
283, 1, 12, 3, 5908, 0.1477, 0.819511
284, 2, 12, 3, 5667, 0.141675, 0.815581
285, 3, 12, 3, 5572, 0.1393, 0.813986
286, 4, 12, 3, 5621, 0.140525, 0.814812
287, 5, 12, 3, 5660, 0.1415, 0.815464
288, 6, 12, 3, 5721, 0.143025, 0.816476
289, 7, 12, 3, 5817, 0.145425, 0.818046
290, 11, 14, 3, 11160, 0.279, 0.879533
291, 12, 14, 3, 11066, 0.27665, 0.878735
292, 13, 14, 3, 11093, 0.277325, 0.878965
293, 11, 15, 3, 11099, 0.277475, 0.879016
294, 12, 15, 3, 11077, 0.276925, 0.878829
295, 13, 15, 3, 11186, 0.27965, 0.879753
296, 11, 16, 3, 11261, 0.281525, 0.880383
297, 12, 16, 3, 10969, 0.274225, 0.877904
298, 13, 16, 3, 11179, 0.279475, 0.879694
299, 11, 17, 3, 11166, 0.27915, 0.879584
300, 12, 17, 3, 10986, 0.27465, 0.87805
301, 13, 17, 3, 11076, 0.2769, 0.87882
302, 3, 1, 4, 14478, 0.36195, 0.904097
303, 4, 1, 4, 14457, 0.361425, 0.90396
304, 10, 1, 4, 9874, 0.24685, 0.867979
305, 11, 1, 4, 9882, 0.24705, 0.868056
306, 12, 1, 4, 9914, 0.24785, 0.868361
307, 13, 1, 4, 10051, 0.251275, 0.869656
308, 16, 1, 4, 14442, 0.36105, 0.903862
309, 17, 1, 4, 14404, 0.3601, 0.903613
310, 18, 1, 4, 14508, 0.3627, 0.904292
311, 3, 2, 4, 14432, 0.3608, 0.903797
312, 4, 2, 4, 14423, 0.360575, 0.903738
313, 10, 2, 4, 10060, 0.2515, 0.869741
314, 11, 2, 4, 10192, 0.2548, 0.870971
315, 12, 2, 4, 9810, 0.24525, 0.867366
316, 13, 2, 4, 9894, 0.24735, 0.86817
317, 16, 2, 4, 14667, 0.366675, 0.905321
318, 17, 2, 4, 14527, 0.363175, 0.904416
319, 18, 2, 4, 14399, 0.359975, 0.903581
320, 3, 3, 4, 14344, 0.3586, 0.903219
321, 4, 3, 4, 14510, 0.36275, 0.904305
322, 10, 3, 4, 9880, 0.247, 0.868037
323, 11, 3, 4, 10000, 0.25, 0.869176
324, 12, 3, 4, 10112, 0.2528, 0.870227
325, 13, 3, 4, 9892, 0.2473, 0.868151
326, 16, 3, 4, 14803, 0.370075, 0.906192
327, 17, 3, 4, 14182, 0.35455, 0.902148
328, 18, 3, 4, 14415, 0.360375, 0.903685
329, 3, 4, 4, 14518, 0.36295, 0.904357
330, 4, 4, 4, 14354, 0.35885, 0.903285
331, 10, 4, 4, 10018, 0.25045, 0.869346
332, 11, 4, 4, 9926, 0.24815, 0.868475
333, 12, 4, 4, 9888, 0.2472, 0.868113
334, 13, 4, 4, 10070, 0.25175, 0.869834
335, 16, 4, 4, 14402, 0.36005, 0.9036
336, 17, 4, 4, 14278, 0.35695, 0.902784
337, 18, 4, 4, 14420, 0.3605, 0.903718
338, 1, 7, 4, 5586, 0.13965, 0.814223
339, 2, 7, 4, 5730, 0.14325, 0.816624
340, 3, 7, 4, 5777, 0.144425, 0.817395
341, 4, 7, 4, 5577, 0.139425, 0.81407
342, 5, 7, 4, 5539, 0.138475, 0.813425
343, 6, 7, 4, 5680, 0.142, 0.815797
344, 7, 7, 4, 5567, 0.139175, 0.813901
345, 12, 7, 4, 13345, 0.333625, 0.896407
346, 13, 7, 4, 13531, 0.338275, 0.897713
347, 14, 7, 4, 13192, 0.3298, 0.895319
348, 15, 7, 4, 13275, 0.331875, 0.895911
349, 1, 8, 4, 5591, 0.139775, 0.814307
350, 2, 8, 4, 5676, 0.1419, 0.815731
351, 3, 8, 4, 5560, 0.139, 0.813782
352, 4, 8, 4, 5381, 0.134525, 0.810694
353, 5, 8, 4, 5756, 0.1439, 0.817052
354, 6, 8, 4, 5668, 0.1417, 0.815598
355, 7, 8, 4, 5588, 0.1397, 0.814256
356, 12, 8, 4, 13200, 0.33, 0.895376
357, 13, 8, 4, 13273, 0.331825, 0.895896
358, 14, 8, 4, 13207, 0.330175, 0.895426
359, 15, 8, 4, 13484, 0.3371, 0.897385
360, 1, 9, 4, 5704, 0.1426, 0.816195
361, 2, 9, 4, 5759, 0.143975, 0.817101
362, 3, 9, 4, 5597, 0.139925, 0.814408
363, 4, 9, 4, 5752, 0.1438, 0.816986
364, 5, 9, 4, 5407, 0.135175, 0.811149
365, 6, 9, 4, 5855, 0.146375, 0.818661
366, 7, 9, 4, 5689, 0.142225, 0.815947
367, 12, 9, 4, 13411, 0.335275, 0.896873
368, 13, 9, 4, 13221, 0.330525, 0.895526
369, 14, 9, 4, 13464, 0.3366, 0.897245
370, 15, 9, 4, 13266, 0.33165, 0.895847
371, 1, 10, 4, 5595, 0.139875, 0.814374
372, 2, 10, 4, 5694, 0.14235, 0.81603
373, 3, 10, 4, 5822, 0.14555, 0.818128
374, 4, 10, 4, 5653, 0.141325, 0.815348
375, 5, 10, 4, 5427, 0.135675, 0.811497
376, 6, 10, 4, 5443, 0.136075, 0.811775
377, 7, 10, 4, 5585, 0.139625, 0.814206
378, 12, 10, 4, 13502, 0.33755, 0.897511
379, 13, 10, 4, 13488, 0.3372, 0.897413
380, 14, 10, 4, 13163, 0.329075, 0.895111
381, 15, 10, 4, 13190, 0.32975, 0.895304
382, 1, 11, 4, 5581, 0.139525, 0.814138
383, 2, 11, 4, 5456, 0.1364, 0.812
384, 3, 11, 4, 5684, 0.1421, 0.815864
385, 4, 11, 4, 5558, 0.13895, 0.813748
386, 5, 11, 4, 5762, 0.14405, 0.81715
387, 6, 11, 4, 5746, 0.14365, 0.816888
388, 7, 11, 4, 5670, 0.14175, 0.815631
389, 1, 12, 4, 5509, 0.137725, 0.812913
390, 2, 12, 4, 5788, 0.1447, 0.817575
391, 3, 12, 4, 5569, 0.139225, 0.813935
392, 4, 12, 4, 5716, 0.1429, 0.816394
393, 5, 12, 4, 5625, 0.140625, 0.814879
394, 6, 12, 4, 5412, 0.1353, 0.811236
395, 7, 12, 4, 5382, 0.13455, 0.810712
396, 11, 14, 4, 11048, 0.2762, 0.878581
397, 12, 14, 4, 10873, 0.271825, 0.877074
398, 13, 14, 4, 11114, 0.27785, 0.879143
399, 11, 15, 4, 11004, 0.2751, 0.878205
400, 12, 15, 4, 10876, 0.2719, 0.877101
401, 13, 15, 4, 11196, 0.2799, 0.879837
402, 11, 16, 4, 11173, 0.279325, 0.879643
403, 12, 16, 4, 11020, 0.2755, 0.878342
404, 13, 16, 4, 11060, 0.2765, 0.878684
405, 11, 17, 4, 11037, 0.275925, 0.878487
406, 12, 17, 4, 11166, 0.27915, 0.879584
407, 13, 17, 4, 11289, 0.282225, 0.880618
408, 10, 1, 5, 9902, 0.24755, 0.868247
409, 11, 1, 5, 9957, 0.248925, 0.868769
410, 12, 1, 5, 9844, 0.2461, 0.867692
411, 13, 1, 5, 9855, 0.246375, 0.867798
412, 16, 1, 5, 14564, 0.3641, 0.904656
413, 17, 1, 5, 14260, 0.3565, 0.902665
414, 18, 1, 5, 14482, 0.36205, 0.904123
415, 10, 2, 5, 10075, 0.251875, 0.869881
416, 11, 2, 5, 9843, 0.246075, 0.867683
417, 12, 2, 5, 9862, 0.24655, 0.867865
418, 13, 2, 5, 10219, 0.255475, 0.87122
419, 16, 2, 5, 14593, 0.364825, 0.904844
420, 17, 2, 5, 14383, 0.359575, 0.903476
421, 18, 2, 5, 14534, 0.36335, 0.904461
422, 10, 3, 5, 10065, 0.251625, 0.869787
423, 11, 3, 5, 10049, 0.251225, 0.869637
424, 12, 3, 5, 10134, 0.25335, 0.870432
425, 13, 3, 5, 10091, 0.252275, 0.870031
426, 16, 3, 5, 14231, 0.355775, 0.902473
427, 17, 3, 5, 14438, 0.36095, 0.903836
428, 18, 3, 5, 14606, 0.36515, 0.904928
429, 10, 4, 5, 9974, 0.24935, 0.86893
430, 11, 4, 5, 9956, 0.2489, 0.86876
431, 12, 4, 5, 10078, 0.25195, 0.869909
432, 13, 4, 5, 9956, 0.2489, 0.86876
433, 16, 4, 5, 14519, 0.362975, 0.904364
434, 17, 4, 5, 14481, 0.362025, 0.904117
435, 18, 4, 5, 14420, 0.3605, 0.903718
436, 17, 13, 5, 26614, 0.66535, 0.96155
437, 11, 14, 5, 10951, 0.273775, 0.877749
438, 12, 14, 5, 11165, 0.279125, 0.879575
439, 13, 14, 5, 11008, 0.2752, 0.878239
440, 17, 14, 5, 26711, 0.667775, 0.961893
441, 11, 15, 5, 11015, 0.275375, 0.878299
442, 12, 15, 5, 11400, 0.285, 0.881541
443, 13, 15, 5, 11034, 0.27585, 0.878462
444, 11, 16, 5, 11153, 0.278825, 0.879474
445, 12, 16, 5, 11056, 0.2764, 0.87865
446, 13, 16, 5, 11094, 0.27735, 0.878973
447, 11, 17, 5, 11039, 0.275975, 0.878504
448, 12, 17, 5, 11184, 0.2796, 0.879736
449, 13, 17, 5, 11143, 0.278575, 0.879389
450, 17, 13, 6, 26803, 0.670075, 0.962218
451, 17, 14, 6, 26621, 0.665525, 0.961575
452, 7, 16, 6, 40000, 1, 1
453, 17, 17, 6, 26691, 0.667275, 0.961822
454, 18, 17, 6, 26564, 0.6641, 0.961372
455, 17, 18, 6, 26608, 0.6652, 0.961529
456, 18, 18, 6, 26618, 0.66545, 0.961564
457, 5, 1, 7, 12286, 0.30715, 0.888604
458, 6, 1, 7, 12173, 0.304325, 0.887732
459, 7, 1, 7, 12302, 0.30755, 0.888727
460, 5, 2, 7, 12229, 0.305725, 0.888166
461, 6, 2, 7, 12185, 0.304625, 0.887825
462, 7, 2, 7, 12346, 0.30865, 0.889064
463, 5, 3, 7, 12219, 0.305475, 0.888088
464, 6, 3, 7, 12149, 0.303725, 0.887546
465, 7, 3, 7, 11917, 0.297925, 0.885727
466, 5, 4, 7, 12297, 0.307425, 0.888689
467, 6, 4, 7, 12222, 0.30555, 0.888111
468, 7, 4, 7, 12241, 0.306025, 0.888258
469, 17, 7, 7, 16570, 0.41425, 0.916833
470, 18, 7, 7, 16619, 0.415475, 0.917112
471, 17, 8, 7, 16547, 0.413675, 0.916702
472, 18, 8, 7, 16601, 0.415025, 0.91701
473, 17, 9, 7, 16582, 0.41455, 0.916902
474, 18, 9, 7, 16772, 0.4193, 0.917977
475, 17, 10, 7, 16475, 0.411875, 0.916291
476, 18, 10, 7, 16686, 0.41715, 0.917492
477, 1, 13, 7, 13537, 0.338425, 0.897755
478, 2, 13, 7, 13201, 0.330025, 0.895383
479, 1, 14, 7, 13296, 0.3324, 0.89606
480, 2, 14, 7, 13432, 0.3358, 0.89702
481, 1, 15, 7, 13407, 0.335175, 0.896844
482, 2, 15, 7, 13205, 0.330125, 0.895412
483, 1, 16, 7, 13313, 0.332825, 0.89618
484, 2, 16, 7, 13323, 0.333075, 0.896251
485, 5, 1, 8, 12042, 0.30105, 0.886711
486, 6, 1, 8, 12252, 0.3063, 0.888343
487, 7, 1, 8, 12048, 0.3012, 0.886758
488, 13, 1, 8, 33253, 0.831325, 0.982567
489, 14, 1, 8, 33351, 0.833775, 0.982844
490, 5, 2, 8, 12122, 0.30305, 0.887336
491, 6, 2, 8, 12339, 0.308475, 0.889011
492, 7, 2, 8, 12214, 0.30535, 0.88805
493, 5, 3, 8, 12265, 0.306625, 0.888443
494, 6, 3, 8, 12181, 0.304525, 0.887794
495, 7, 3, 8, 12137, 0.303425, 0.887453
496, 18, 3, 8, 33362, 0.83405, 0.982876
497, 5, 4, 8, 12308, 0.3077, 0.888773
498, 6, 4, 8, 12088, 0.3022, 0.887071
499, 7, 4, 8, 12041, 0.301025, 0.886703
500, 18, 4, 8, 33435, 0.835875, 0.983082
501, 5, 7, 8, 6084, 0.1521, 0.822282
502, 6, 7, 8, 6344, 0.1586, 0.826231
503, 7, 7, 8, 6330, 0.15825, 0.826022
504, 8, 7, 8, 6183, 0.154575, 0.823805
505, 9, 7, 8, 6393, 0.159825, 0.826957
506, 10, 7, 8, 6167, 0.154175, 0.82356
507, 11, 7, 8, 6132, 0.1533, 0.823023
508, 12, 7, 8, 6133, 0.153325, 0.823039
509, 17, 7, 8, 16797, 0.419925, 0.918117
510, 18, 7, 8, 16725, 0.418125, 0.917712
511, 5, 8, 8, 6303, 0.157575, 0.825619
512, 6, 8, 8, 6161, 0.154025, 0.823468
513, 7, 8, 8, 6206, 0.15515, 0.824155
514, 8, 8, 8, 6284, 0.1571, 0.825334
515, 9, 8, 8, 6587, 0.164675, 0.829778
516, 10, 8, 8, 6218, 0.15545, 0.824338
517, 11, 8, 8, 6300, 0.1575, 0.825574
518, 12, 8, 8, 6112, 0.1528, 0.822715
519, 17, 8, 8, 16715, 0.417875, 0.917656
520, 18, 8, 8, 16556, 0.4139, 0.916754
521, 5, 9, 8, 6134, 0.15335, 0.823054
522, 6, 9, 8, 6267, 0.156675, 0.825078
523, 7, 9, 8, 6300, 0.1575, 0.825574
524, 8, 9, 8, 6357, 0.158925, 0.826424
525, 9, 9, 8, 6361, 0.159025, 0.826483
526, 10, 9, 8, 6148, 0.1537, 0.823269
527, 11, 9, 8, 6154, 0.15385, 0.823361
528, 12, 9, 8, 6195, 0.154875, 0.823988
529, 17, 9, 8, 16676, 0.4169, 0.917435
530, 18, 9, 8, 16544, 0.4136, 0.916685
531, 5, 10, 8, 6302, 0.15755, 0.825604
532, 6, 10, 8, 6294, 0.15735, 0.825484
533, 7, 10, 8, 6143, 0.153575, 0.823192
534, 8, 10, 8, 6369, 0.159225, 0.826602
535, 9, 10, 8, 6371, 0.159275, 0.826631
536, 10, 10, 8, 6055, 0.151375, 0.821831
537, 11, 10, 8, 5973, 0.149325, 0.820544
538, 12, 10, 8, 6073, 0.151825, 0.822111
539, 17, 10, 8, 16746, 0.41865, 0.917831
540, 18, 10, 8, 16778, 0.41945, 0.918011
541, 5, 11, 8, 6245, 0.156125, 0.824746
542, 6, 11, 8, 6178, 0.15445, 0.823728
543, 7, 11, 8, 6444, 0.1611, 0.827707
544, 8, 11, 8, 6200, 0.155, 0.824064
545, 9, 11, 8, 6099, 0.152475, 0.822514
546, 10, 11, 8, 6334, 0.15835, 0.826082
547, 11, 11, 8, 6198, 0.15495, 0.824033
548, 12, 11, 8, 6313, 0.157825, 0.825768
549, 1, 13, 8, 13343, 0.333575, 0.896393
550, 2, 13, 8, 13268, 0.3317, 0.895861
551, 1, 14, 8, 13341, 0.333525, 0.896379
552, 2, 14, 8, 13253, 0.331325, 0.895754
553, 1, 15, 8, 13196, 0.3299, 0.895347
554, 2, 15, 8, 13405, 0.335125, 0.89683
555, 12, 15, 8, 33172, 0.8293, 0.982337
556, 1, 16, 8, 13242, 0.33105, 0.895676
557, 2, 16, 8, 13345, 0.333625, 0.896407
558, 12, 16, 8, 33354, 0.83385, 0.982853
559, 5, 1, 9, 12207, 0.305175, 0.887996
560, 6, 1, 9, 12323, 0.308075, 0.888888
561, 7, 1, 9, 11971, 0.299275, 0.886153
562, 5, 2, 9, 12181, 0.304525, 0.887794
563, 6, 2, 9, 12404, 0.3101, 0.889506
564, 7, 2, 9, 12285, 0.307125, 0.888597
565, 5, 3, 9, 12339, 0.308475, 0.889011
566, 6, 3, 9, 12290, 0.30725, 0.888635
567, 7, 3, 9, 12309, 0.307725, 0.888781
568, 5, 4, 9, 12333, 0.308325, 0.888965
569, 6, 4, 9, 12098, 0.30245, 0.887149
570, 7, 4, 9, 12311, 0.307775, 0.888796
571, 5, 7, 9, 6153, 0.153825, 0.823346
572, 6, 7, 9, 6119, 0.152975, 0.822823
573, 7, 7, 9, 6152, 0.1538, 0.82333
574, 8, 7, 9, 6147, 0.153675, 0.823254
575, 9, 7, 9, 6348, 0.1587, 0.82629
576, 10, 7, 9, 6397, 0.159925, 0.827016
577, 11, 7, 9, 6043, 0.151075, 0.821643
578, 12, 7, 9, 6265, 0.156625, 0.825048
579, 5, 8, 9, 6337, 0.158425, 0.826126
580, 6, 8, 9, 6290, 0.15725, 0.825424
581, 7, 8, 9, 6089, 0.152225, 0.822359
582, 8, 8, 9, 6128, 0.1532, 0.822962
583, 9, 8, 9, 6210, 0.15525, 0.824216
584, 10, 8, 9, 6081, 0.152025, 0.822235
585, 11, 8, 9, 6239, 0.155975, 0.824656
586, 12, 8, 9, 6466, 0.16165, 0.828028
587, 1, 9, 9, 26579, 0.664475, 0.961426
588, 5, 9, 9, 6085, 0.152125, 0.822297
589, 6, 9, 9, 6126, 0.15315, 0.822931
590, 7, 9, 9, 6321, 0.158025, 0.825888
591, 8, 9, 9, 6273, 0.156825, 0.825169
592, 9, 9, 9, 6309, 0.157725, 0.825709
593, 10, 9, 9, 6143, 0.153575, 0.823192
594, 11, 9, 9, 6247, 0.156175, 0.824777
595, 12, 9, 9, 6345, 0.158625, 0.826246
596, 1, 10, 9, 26575, 0.664375, 0.961411
597, 5, 10, 9, 6270, 0.15675, 0.825123
598, 6, 10, 9, 6420, 0.1605, 0.827354
599, 7, 10, 9, 6341, 0.158525, 0.826186
600, 8, 10, 9, 6205, 0.155125, 0.82414
601, 9, 10, 9, 6265, 0.156625, 0.825048
602, 10, 10, 9, 6251, 0.156275, 0.824837
603, 11, 10, 9, 6296, 0.1574, 0.825514
604, 12, 10, 9, 6234, 0.15585, 0.82458
605, 5, 11, 9, 6228, 0.1557, 0.824489
606, 6, 11, 9, 6460, 0.1615, 0.827941
607, 7, 11, 9, 6336, 0.1584, 0.826112
608, 8, 11, 9, 6318, 0.15795, 0.825843
609, 9, 11, 9, 6070, 0.15175, 0.822064
610, 10, 11, 9, 6294, 0.15735, 0.825484
611, 11, 11, 9, 6270, 0.15675, 0.825123
612, 12, 11, 9, 6316, 0.1579, 0.825813
613, 1, 13, 9, 13482, 0.33705, 0.897371
614, 2, 13, 9, 13165, 0.329125, 0.895125
615, 1, 14, 9, 13308, 0.3327, 0.896145
616, 2, 14, 9, 13206, 0.33015, 0.895419
617, 1, 15, 9, 13187, 0.329675, 0.895283
618, 2, 15, 9, 13275, 0.331875, 0.895911
619, 5, 15, 9, 9992, 0.2498, 0.8691
620, 6, 15, 9, 9946, 0.24865, 0.868665
621, 7, 15, 9, 10163, 0.254075, 0.870702
622, 8, 15, 9, 10140, 0.2535, 0.870488
623, 1, 16, 9, 13352, 0.3338, 0.896456
624, 2, 16, 9, 13163, 0.329075, 0.895111
625, 5, 16, 9, 9828, 0.2457, 0.867539
626, 6, 16, 9, 9893, 0.247325, 0.868161
627, 7, 16, 9, 9854, 0.24635, 0.867788
628, 8, 16, 9, 9953, 0.248825, 0.868731
629, 5, 17, 9, 10082, 0.25205, 0.869947
630, 6, 17, 9, 9972, 0.2493, 0.868911
631, 7, 17, 9, 10070, 0.25175, 0.869834
632, 8, 17, 9, 10047, 0.251175, 0.869618
633, 5, 18, 9, 10049, 0.251225, 0.869637
634, 6, 18, 9, 10005, 0.250125, 0.869223
635, 7, 18, 9, 9978, 0.24945, 0.868968
636, 8, 18, 9, 10029, 0.250725, 0.869449
637, 5, 7, 10, 6247, 0.156175, 0.824777
638, 6, 7, 10, 6146, 0.15365, 0.823238
639, 7, 7, 10, 6249, 0.156225, 0.824807
640, 8, 7, 10, 6278, 0.15695, 0.825244
641, 9, 7, 10, 6220, 0.1555, 0.824368
642, 10, 7, 10, 6258, 0.15645, 0.824943
643, 11, 7, 10, 6039, 0.150975, 0.821581
644, 12, 7, 10, 6301, 0.157525, 0.825589
645, 5, 8, 10, 6360, 0.159, 0.826468
646, 6, 8, 10, 6056, 0.1514, 0.821846
647, 7, 8, 10, 6128, 0.1532, 0.822962
648, 8, 8, 10, 6288, 0.1572, 0.825394
649, 9, 8, 10, 6138, 0.15345, 0.823115
650, 10, 8, 10, 6296, 0.1574, 0.825514
651, 11, 8, 10, 6064, 0.1516, 0.821971
652, 12, 8, 10, 6195, 0.154875, 0.823988
653, 1, 9, 10, 26721, 0.668025, 0.961929
654, 5, 9, 10, 6334, 0.15835, 0.826082
655, 6, 9, 10, 6208, 0.1552, 0.824186
656, 7, 9, 10, 6092, 0.1523, 0.822406
657, 8, 9, 10, 6237, 0.155925, 0.824625
658, 9, 9, 10, 6303, 0.157575, 0.825619
659, 10, 9, 10, 6190, 0.15475, 0.823912
660, 11, 9, 10, 6212, 0.1553, 0.824246
661, 12, 9, 10, 6372, 0.1593, 0.826646
662, 1, 10, 10, 26651, 0.666275, 0.961681
663, 5, 10, 10, 6248, 0.1562, 0.824792
664, 6, 10, 10, 6126, 0.15315, 0.822931
665, 7, 10, 10, 6294, 0.15735, 0.825484
666, 8, 10, 10, 6077, 0.151925, 0.822173
667, 9, 10, 10, 6098, 0.15245, 0.822498
668, 10, 10, 10, 6084, 0.1521, 0.822282
669, 11, 10, 10, 6015, 0.150375, 0.821205
670, 12, 10, 10, 6359, 0.158975, 0.826454
671, 5, 11, 10, 6285, 0.157125, 0.825349
672, 6, 11, 10, 6071, 0.151775, 0.82208
673, 7, 11, 10, 6179, 0.154475, 0.823744
674, 8, 11, 10, 6322, 0.15805, 0.825903
675, 9, 11, 10, 6337, 0.158425, 0.826126
676, 10, 11, 10, 6234, 0.15585, 0.82458
677, 11, 11, 10, 6447, 0.161175, 0.827751
678, 12, 11, 10, 6271, 0.156775, 0.825138
679, 1, 13, 10, 13335, 0.333375, 0.896336
680, 2, 13, 10, 13373, 0.334325, 0.896605
681, 1, 14, 10, 13391, 0.334775, 0.896732
682, 2, 14, 10, 13318, 0.33295, 0.896216
683, 15, 14, 10, 40000, 1, 1
684, 18, 14, 10, 40000, 1, 1
685, 1, 15, 10, 13298, 0.33245, 0.896074
686, 2, 15, 10, 13188, 0.3297, 0.89529
687, 5, 15, 10, 10093, 0.252325, 0.87005
688, 6, 15, 10, 10069, 0.251725, 0.869825
689, 7, 15, 10, 10090, 0.25225, 0.870022
690, 8, 15, 10, 9967, 0.249175, 0.868864
691, 1, 16, 10, 13375, 0.334375, 0.896619
692, 2, 16, 10, 13542, 0.33855, 0.89779
693, 5, 16, 10, 10060, 0.2515, 0.869741
694, 6, 16, 10, 9944, 0.2486, 0.868646
695, 7, 16, 10, 10208, 0.2552, 0.871119
696, 8, 16, 10, 9912, 0.2478, 0.868342
697, 5, 17, 10, 10097, 0.252425, 0.870087
698, 6, 17, 10, 9987, 0.249675, 0.869053
699, 7, 17, 10, 10087, 0.252175, 0.869993
700, 8, 17, 10, 9949, 0.248725, 0.868693
701, 5, 18, 10, 9972, 0.2493, 0.868911
702, 6, 18, 10, 10081, 0.252025, 0.869937
703, 7, 18, 10, 10125, 0.253125, 0.870348
704, 8, 18, 10, 10041, 0.251025, 0.869562
705, 16, 1, 11, 26593, 0.664825, 0.961475
706, 17, 1, 11, 26631, 0.665775, 0.96161
707, 1, 3, 11, 14417, 0.360425, 0.903699
708, 2, 3, 11, 14407, 0.360175, 0.903633
709, 1, 4, 11, 14520, 0.363, 0.90437
710, 2, 4, 11, 14518, 0.36295, 0.904357
711, 1, 5, 11, 14502, 0.36255, 0.904253
712, 2, 5, 11, 14527, 0.363175, 0.904416
713, 1, 6, 11, 14282, 0.35705, 0.902811
714, 2, 6, 11, 14567, 0.364175, 0.904675
715, 5, 7, 11, 6220, 0.1555, 0.824368
716, 6, 7, 11, 6369, 0.159225, 0.826602
717, 7, 7, 11, 6249, 0.156225, 0.824807
718, 8, 7, 11, 6300, 0.1575, 0.825574
719, 9, 7, 11, 6418, 0.16045, 0.827325
720, 10, 7, 11, 6475, 0.161875, 0.82816
721, 11, 7, 11, 6328, 0.1582, 0.825992
722, 12, 7, 11, 6224, 0.1556, 0.824429
723, 5, 8, 11, 6065, 0.151625, 0.821986
724, 6, 8, 11, 6257, 0.156425, 0.824928
725, 7, 8, 11, 6275, 0.156875, 0.825199
726, 8, 8, 11, 6084, 0.1521, 0.822282
727, 9, 8, 11, 6328, 0.1582, 0.825992
728, 10, 8, 11, 6356, 0.1589, 0.826409
729, 11, 8, 11, 6513, 0.162825, 0.828712
730, 12, 8, 11, 6218, 0.15545, 0.824338
731, 5, 9, 11, 6005, 0.150125, 0.821048
732, 6, 9, 11, 6292, 0.1573, 0.825454
733, 7, 9, 11, 6334, 0.15835, 0.826082
734, 8, 9, 11, 6581, 0.164525, 0.829692
735, 9, 9, 11, 6267, 0.156675, 0.825078
736, 10, 9, 11, 6377, 0.159425, 0.82672
737, 11, 9, 11, 6414, 0.16035, 0.827266
738, 12, 9, 11, 6110, 0.15275, 0.822684
739, 5, 10, 11, 6272, 0.1568, 0.825154
740, 6, 10, 11, 6305, 0.157625, 0.825649
741, 7, 10, 11, 6320, 0.158, 0.825873
742, 8, 10, 11, 6271, 0.156775, 0.825138
743, 9, 10, 11, 6077, 0.151925, 0.822173
744, 10, 10, 11, 6288, 0.1572, 0.825394
745, 11, 10, 11, 6245, 0.156125, 0.824746
746, 12, 10, 11, 6128, 0.1532, 0.822962
747, 5, 11, 11, 5880, 0.147, 0.819063
748, 6, 11, 11, 6175, 0.154375, 0.823683
749, 7, 11, 11, 6130, 0.15325, 0.822992
750, 8, 11, 11, 6167, 0.154175, 0.82356
751, 9, 11, 11, 5971, 0.149275, 0.820512
752, 10, 11, 11, 6212, 0.1553, 0.824246
753, 11, 11, 11, 6277, 0.156925, 0.825229
754, 12, 11, 11, 6371, 0.159275, 0.826631
755, 5, 15, 11, 10255, 0.256375, 0.871552
756, 6, 15, 11, 9976, 0.2494, 0.868949
757, 7, 15, 11, 9971, 0.249275, 0.868902
758, 8, 15, 11, 9921, 0.248025, 0.868427
759, 5, 16, 11, 10085, 0.252125, 0.869975
760, 6, 16, 11, 9812, 0.2453, 0.867385
761, 7, 16, 11, 10045, 0.251125, 0.8696
762, 8, 16, 11, 10089, 0.252225, 0.870012
763, 5, 17, 11, 10183, 0.254575, 0.870887
764, 6, 17, 11, 10193, 0.254825, 0.87098
765, 7, 17, 11, 9786, 0.24465, 0.867135
766, 8, 17, 11, 9684, 0.2421, 0.866146
767, 13, 17, 11, 26556, 0.6639, 0.961344
768, 14, 17, 11, 26655, 0.666375, 0.961695
769, 5, 18, 11, 9986, 0.24965, 0.869044
770, 6, 18, 11, 9876, 0.2469, 0.867998
771, 7, 18, 11, 10110, 0.25275, 0.870208
772, 8, 18, 11, 10080, 0.252, 0.869928
773, 13, 18, 11, 26554, 0.66385, 0.961337
774, 14, 18, 11, 26721, 0.668025, 0.961929
775, 11, 1, 12, 13362, 0.33405, 0.896527
776, 12, 1, 12, 13321, 0.333025, 0.896237
777, 16, 1, 12, 26536, 0.6634, 0.961273
778, 17, 1, 12, 26558, 0.66395, 0.961351
779, 11, 2, 12, 13189, 0.329725, 0.895297
780, 12, 2, 12, 13299, 0.332475, 0.896081
781, 1, 3, 12, 14447, 0.361175, 0.903895
782, 2, 3, 12, 14407, 0.360175, 0.903633
783, 5, 3, 12, 33309, 0.832725, 0.982725
784, 11, 3, 12, 13243, 0.331075, 0.895683
785, 12, 3, 12, 13444, 0.3361, 0.897104
786, 1, 4, 12, 14518, 0.36295, 0.904357
787, 2, 4, 12, 14531, 0.363275, 0.904442
788, 11, 4, 12, 13482, 0.33705, 0.897371
789, 12, 4, 12, 13385, 0.334625, 0.896689
790, 1, 5, 12, 14457, 0.361425, 0.90396
791, 2, 5, 12, 14380, 0.3595, 0.903456
792, 1, 6, 12, 14455, 0.361375, 0.903947
793, 2, 6, 12, 14580, 0.3645, 0.90476
794, 5, 7, 12, 6195, 0.154875, 0.823988
795, 6, 7, 12, 6226, 0.15565, 0.824459
796, 7, 7, 12, 6218, 0.15545, 0.824338
797, 8, 7, 12, 6393, 0.159825, 0.826957
798, 9, 7, 12, 6099, 0.152475, 0.822514
799, 10, 7, 12, 6247, 0.156175, 0.824777
800, 11, 7, 12, 6390, 0.15975, 0.826912
801, 12, 7, 12, 6198, 0.15495, 0.824033
802, 5, 8, 12, 6439, 0.160975, 0.827633
803, 6, 8, 12, 6230, 0.15575, 0.824519
804, 7, 8, 12, 6117, 0.152925, 0.822792
805, 8, 8, 12, 6196, 0.1549, 0.824003
806, 9, 8, 12, 6345, 0.158625, 0.826246
807, 10, 8, 12, 6420, 0.1605, 0.827354
808, 11, 8, 12, 6132, 0.1533, 0.823023
809, 12, 8, 12, 6329, 0.158225, 0.826007
810, 5, 9, 12, 6389, 0.159725, 0.826898
811, 6, 9, 12, 6400, 0.16, 0.82706
812, 7, 9, 12, 6109, 0.152725, 0.822669
813, 8, 9, 12, 6352, 0.1588, 0.82635
814, 9, 9, 12, 6293, 0.157325, 0.825469
815, 10, 9, 12, 6367, 0.159175, 0.826572
816, 11, 9, 12, 6297, 0.157425, 0.825529
817, 12, 9, 12, 6354, 0.15885, 0.826379
818, 5, 10, 12, 6186, 0.15465, 0.823851
819, 6, 10, 12, 6231, 0.155775, 0.824535
820, 7, 10, 12, 6293, 0.157325, 0.825469
821, 8, 10, 12, 6237, 0.155925, 0.824625
822, 9, 10, 12, 6334, 0.15835, 0.826082
823, 10, 10, 12, 6197, 0.154925, 0.824018
824, 11, 10, 12, 6109, 0.152725, 0.822669
825, 12, 10, 12, 6084, 0.1521, 0.822282
826, 16, 10, 12, 19951, 0.498775, 0.934357
827, 17, 10, 12, 19980, 0.4995, 0.934494
828, 5, 11, 12, 6455, 0.161375, 0.827868
829, 6, 11, 12, 6128, 0.1532, 0.822962
830, 7, 11, 12, 6103, 0.152575, 0.822576
831, 8, 11, 12, 6200, 0.155, 0.824064
832, 9, 11, 12, 6225, 0.155625, 0.824444
833, 10, 11, 12, 6238, 0.15595, 0.824641
834, 11, 11, 12, 6128, 0.1532, 0.822962
835, 12, 11, 12, 6308, 0.1577, 0.825694
836, 16, 11, 12, 19892, 0.4973, 0.934077
837, 17, 11, 12, 20011, 0.500275, 0.93464
838, 5, 15, 12, 9957, 0.248925, 0.868769
839, 6, 15, 12, 10110, 0.25275, 0.870208
840, 7, 15, 12, 9901, 0.247525, 0.868237
841, 8, 15, 12, 10077, 0.251925, 0.8699
842, 5, 16, 12, 9984, 0.2496, 0.869025
843, 6, 16, 12, 10101, 0.252525, 0.870124
844, 7, 16, 12, 9925, 0.248125, 0.868466
845, 8, 16, 12, 10311, 0.257775, 0.872066
846, 5, 17, 12, 9993, 0.249825, 0.86911
847, 6, 17, 12, 10178, 0.25445, 0.870841
848, 7, 17, 12, 10233, 0.255825, 0.87135
849, 8, 17, 12, 10037, 0.250925, 0.869525
850, 18, 17, 12, 33271, 0.831775, 0.982618
851, 5, 18, 12, 9965, 0.249125, 0.868845
852, 6, 18, 12, 10062, 0.25155, 0.869759
853, 7, 18, 12, 9955, 0.248875, 0.86875
854, 8, 18, 12, 10128, 0.2532, 0.870376
855, 18, 18, 12, 33412, 0.8353, 0.983017
856, 8, 1, 13, 40000, 1, 1
857, 11, 1, 13, 13135, 0.328375, 0.89491
858, 12, 1, 13, 13394, 0.33485, 0.896753
859, 11, 2, 13, 13322, 0.33305, 0.896244
860, 12, 2, 13, 13254, 0.33135, 0.895761
861, 1, 3, 13, 14440, 0.361, 0.903849
862, 2, 3, 13, 14556, 0.3639, 0.904604
863, 5, 3, 13, 33184, 0.8296, 0.982371
864, 11, 3, 13, 13531, 0.338275, 0.897713
865, 12, 3, 13, 13398, 0.33495, 0.896781
866, 1, 4, 13, 14337, 0.358425, 0.903173
867, 2, 4, 13, 14407, 0.360175, 0.903633
868, 11, 4, 13, 13171, 0.329275, 0.895168
869, 12, 4, 13, 13402, 0.33505, 0.896809
870, 16, 4, 13, 12328, 0.3082, 0.888926
871, 17, 4, 13, 12315, 0.307875, 0.888827
872, 18, 4, 13, 12105, 0.302625, 0.887204
873, 1, 5, 13, 14455, 0.361375, 0.903947
874, 2, 5, 13, 14554, 0.36385, 0.904591
875, 16, 5, 13, 12223, 0.305575, 0.888119
876, 17, 5, 13, 12291, 0.307275, 0.888643
877, 18, 5, 13, 12284, 0.3071, 0.888589
878, 1, 6, 13, 14628, 0.3657, 0.90507
879, 2, 6, 13, 14396, 0.3599, 0.903561
880, 16, 6, 13, 12076, 0.3019, 0.886977
881, 17, 6, 13, 12283, 0.307075, 0.888581
882, 18, 6, 13, 12102, 0.30255, 0.88718
883, 5, 7, 13, 6309, 0.157725, 0.825709
884, 6, 7, 13, 6230, 0.15575, 0.824519
885, 7, 7, 13, 6325, 0.158125, 0.825948
886, 8, 7, 13, 6256, 0.1564, 0.824912
887, 9, 7, 13, 6275, 0.156875, 0.825199
888, 10, 7, 13, 6185, 0.154625, 0.823835
889, 11, 7, 13, 6349, 0.158725, 0.826305
890, 12, 7, 13, 6183, 0.154575, 0.823805
891, 16, 7, 13, 12219, 0.305475, 0.888088
892, 17, 7, 13, 12259, 0.306475, 0.888397
893, 18, 7, 13, 12138, 0.30345, 0.887461
894, 5, 8, 13, 6476, 0.1619, 0.828174
895, 6, 8, 13, 6085, 0.152125, 0.822297
896, 7, 8, 13, 6206, 0.15515, 0.824155
897, 8, 8, 13, 6118, 0.15295, 0.822807
898, 9, 8, 13, 6190, 0.15475, 0.823912
899, 10, 8, 13, 6228, 0.1557, 0.824489
900, 11, 8, 13, 6321, 0.158025, 0.825888
901, 12, 8, 13, 6132, 0.1533, 0.823023
902, 5, 9, 13, 6396, 0.1599, 0.827001
903, 6, 9, 13, 6268, 0.1567, 0.825093
904, 7, 9, 13, 6083, 0.152075, 0.822266
905, 8, 9, 13, 6224, 0.1556, 0.824429
906, 9, 9, 13, 6268, 0.1567, 0.825093
907, 10, 9, 13, 6053, 0.151325, 0.8218
908, 11, 9, 13, 6181, 0.154525, 0.823774
909, 12, 9, 13, 6110, 0.15275, 0.822684
910, 2, 10, 13, 40000, 1, 1
911, 5, 10, 13, 6128, 0.1532, 0.822962
912, 6, 10, 13, 6416, 0.1604, 0.827296
913, 7, 10, 13, 6576, 0.1644, 0.82962
914, 8, 10, 13, 6453, 0.161325, 0.827838
915, 9, 10, 13, 6191, 0.154775, 0.823927
916, 10, 10, 13, 6306, 0.15765, 0.825664
917, 11, 10, 13, 6392, 0.1598, 0.826942
918, 12, 10, 13, 6124, 0.1531, 0.8229
919, 16, 10, 13, 19912, 0.4978, 0.934172
920, 17, 10, 13, 19954, 0.49885, 0.934371
921, 5, 11, 13, 6203, 0.155075, 0.82411
922, 6, 11, 13, 6382, 0.15955, 0.826794
923, 7, 11, 13, 6142, 0.15355, 0.823177
924, 8, 11, 13, 6401, 0.160025, 0.827075
925, 9, 11, 13, 6327, 0.158175, 0.825977
926, 10, 11, 13, 6242, 0.15605, 0.824701
927, 11, 11, 13, 6313, 0.157825, 0.825768
928, 12, 11, 13, 6341, 0.158525, 0.826186
929, 16, 11, 13, 19889, 0.497225, 0.934063
930, 17, 11, 13, 20001, 0.500025, 0.934593
931, 2, 16, 13, 33225, 0.830625, 0.982487
932, 11, 1, 14, 13528, 0.3382, 0.897692
933, 12, 1, 14, 13136, 0.3284, 0.894917
934, 11, 2, 14, 13422, 0.33555, 0.89695
935, 12, 2, 14, 13270, 0.33175, 0.895875
936, 11, 3, 14, 13436, 0.3359, 0.897048
937, 12, 3, 14, 13211, 0.330275, 0.895455
938, 11, 4, 14, 13433, 0.335825, 0.897027
939, 12, 4, 14, 13433, 0.335825, 0.897027
940, 16, 4, 14, 12311, 0.307775, 0.888796
941, 17, 4, 14, 12242, 0.30605, 0.888266
942, 18, 4, 14, 12545, 0.313625, 0.890573
943, 16, 5, 14, 12054, 0.30135, 0.886805
944, 17, 5, 14, 12139, 0.303475, 0.887468
945, 18, 5, 14, 12462, 0.31155, 0.889947
946, 16, 6, 14, 12320, 0.308, 0.888865
947, 17, 6, 14, 12335, 0.308375, 0.88898
948, 18, 6, 14, 12213, 0.305325, 0.888042
949, 5, 7, 14, 6125, 0.153125, 0.822915
950, 6, 7, 14, 6112, 0.1528, 0.822715
951, 7, 7, 14, 6347, 0.158675, 0.826275
952, 8, 7, 14, 6238, 0.15595, 0.824641
953, 9, 7, 14, 6131, 0.153275, 0.823008
954, 10, 7, 14, 6147, 0.153675, 0.823254
955, 11, 7, 14, 6323, 0.158075, 0.825918
956, 12, 7, 14, 6260, 0.1565, 0.824973
957, 16, 7, 14, 12007, 0.300175, 0.886437
958, 17, 7, 14, 11994, 0.29985, 0.886334
959, 18, 7, 14, 12337, 0.308425, 0.888995
960, 5, 8, 14, 6267, 0.156675, 0.825078
961, 6, 8, 14, 6362, 0.15905, 0.826498
962, 7, 8, 14, 6170, 0.15425, 0.823606
963, 8, 8, 14, 6245, 0.156125, 0.824746
964, 9, 8, 14, 6305, 0.157625, 0.825649
965, 10, 8, 14, 6344, 0.1586, 0.826231
966, 11, 8, 14, 6257, 0.156425, 0.824928
967, 12, 8, 14, 6209, 0.155225, 0.824201
968, 5, 9, 14, 6191, 0.154775, 0.823927
969, 6, 9, 14, 6054, 0.15135, 0.821815
970, 7, 9, 14, 6140, 0.1535, 0.823146
971, 8, 9, 14, 6363, 0.159075, 0.826513
972, 9, 9, 14, 6133, 0.153325, 0.823039
973, 10, 9, 14, 6209, 0.155225, 0.824201
974, 11, 9, 14, 6443, 0.161075, 0.827692
975, 12, 9, 14, 6079, 0.151975, 0.822204
976, 5, 10, 14, 6369, 0.159225, 0.826602
977, 6, 10, 14, 6107, 0.152675, 0.822638
978, 7, 10, 14, 6201, 0.155025, 0.824079
979, 8, 10, 14, 6298, 0.15745, 0.825544
980, 9, 10, 14, 6319, 0.157975, 0.825858
981, 10, 10, 14, 6180, 0.1545, 0.823759
982, 11, 10, 14, 6218, 0.15545, 0.824338
983, 12, 10, 14, 6188, 0.1547, 0.823881
984, 5, 11, 14, 5991, 0.149775, 0.820828
985, 6, 11, 14, 6331, 0.158275, 0.826037
986, 7, 11, 14, 6140, 0.1535, 0.823146
987, 8, 11, 14, 6157, 0.153925, 0.823407
988, 9, 11, 14, 6251, 0.156275, 0.824837
989, 10, 11, 14, 6148, 0.1537, 0.823269
990, 11, 11, 14, 6185, 0.154625, 0.823835
991, 12, 11, 14, 6375, 0.159375, 0.826691
992, 1, 13, 14, 40000, 1, 1
993, 13, 15, 14, 16778, 0.41945, 0.918011
994, 14, 15, 14, 16575, 0.414375, 0.916862
995, 2, 16, 14, 33305, 0.832625, 0.982714
996, 13, 16, 14, 16728, 0.4182, 0.917729
997, 14, 16, 14, 16489, 0.412225, 0.916371
998, 13, 17, 14, 16767, 0.419175, 0.917949
999, 14, 17, 14, 16773, 0.419325, 0.917983
1000, 13, 18, 14, 16543, 0.413575, 0.91668
1001, 14, 18, 14, 16609, 0.415225, 0.917055
1002, 11, 1, 15, 13278, 0.33195, 0.895932
1003, 12, 1, 15, 13328, 0.3332, 0.896287
1004, 11, 2, 15, 13455, 0.336375, 0.897182
1005, 12, 2, 15, 13417, 0.335425, 0.896915
1006, 11, 3, 15, 13414, 0.33535, 0.896894
1007, 12, 3, 15, 13399, 0.334975, 0.896788
1008, 11, 4, 15, 13540, 0.3385, 0.897776
1009, 12, 4, 15, 13416, 0.3354, 0.896908
1010, 16, 4, 15, 11975, 0.299375, 0.886185
1011, 17, 4, 15, 12200, 0.305, 0.887941
1012, 18, 4, 15, 12110, 0.30275, 0.887243
1013, 16, 5, 15, 12297, 0.307425, 0.888689
1014, 17, 5, 15, 12286, 0.30715, 0.888604
1015, 18, 5, 15, 12291, 0.307275, 0.888643
1016, 16, 6, 15, 12190, 0.30475, 0.887864
1017, 17, 6, 15, 12256, 0.3064, 0.888374
1018, 18, 6, 15, 12198, 0.30495, 0.887926
1019, 16, 7, 15, 12219, 0.305475, 0.888088
1020, 17, 7, 15, 12010, 0.30025, 0.88646
1021, 18, 7, 15, 12086, 0.30215, 0.887055
1022, 17, 14, 15, 26510, 0.66275, 0.96118
1023, 18, 14, 15, 26515, 0.662875, 0.961198
1024, 13, 15, 15, 16640, 0.416, 0.917231
1025, 14, 15, 15, 16639, 0.415975, 0.917226
1026, 17, 15, 15, 26694, 0.66735, 0.961833
1027, 18, 15, 15, 26624, 0.6656, 0.961585
1028, 13, 16, 15, 16689, 0.417225, 0.917509
1029, 14, 16, 15, 16561, 0.414025, 0.916782
1030, 13, 17, 15, 16699, 0.417475, 0.917565
1031, 14, 17, 15, 16469, 0.411725, 0.916256
1032, 13, 18, 15, 16673, 0.416825, 0.917418
1033, 14, 18, 15, 16727, 0.418175, 0.917723
1034, 7, 1, 16, 33408, 0.8352, 0.983006
1035, 8, 1, 16, 33356, 0.8339, 0.982859
1036, 3, 3, 16, 33317, 0.832925, 0.982748
1037, 4, 3, 16, 33337, 0.833425, 0.982805
1038, 8, 4, 16, 40000, 1, 1
1039, 5, 15, 16, 11840, 0.296, 0.885115
1040, 6, 15, 16, 11947, 0.298675, 0.885964
1041, 5, 16, 16, 11637, 0.290925, 0.883483
1042, 6, 16, 16, 11862, 0.29655, 0.88529
1043, 5, 17, 16, 12036, 0.3009, 0.886664
1044, 6, 17, 16, 11984, 0.2996, 0.886256
1045, 5, 18, 16, 11900, 0.2975, 0.885592
1046, 6, 18, 16, 12055, 0.301375, 0.886813
1047, 18, 1, 17, 33292, 0.8323, 0.982677
1048, 2, 6, 17, 13337, 0.333425, 0.89635
1049, 3, 6, 17, 13259, 0.331475, 0.895797
1050, 4, 6, 17, 13332, 0.3333, 0.896315
1051, 5, 6, 17, 13389, 0.334725, 0.896718
1052, 2, 7, 17, 13274, 0.33185, 0.895904
1053, 3, 7, 17, 13560, 0.339, 0.897915
1054, 4, 7, 17, 13385, 0.334625, 0.896689
1055, 5, 7, 17, 13197, 0.329925, 0.895355
1056, 2, 8, 17, 13155, 0.328875, 0.895054
1057, 3, 8, 17, 13184, 0.3296, 0.895262
1058, 4, 8, 17, 13309, 0.332725, 0.896152
1059, 5, 8, 17, 13301, 0.332525, 0.896095
1060, 2, 9, 17, 13414, 0.33535, 0.896894
1061, 3, 9, 17, 13411, 0.335275, 0.896873
1062, 4, 9, 17, 13233, 0.330825, 0.895612
1063, 5, 9, 17, 13286, 0.33215, 0.895989
1064, 15, 10, 17, 26664, 0.6666, 0.961727
1065, 16, 10, 17, 26807, 0.670175, 0.962232
1066, 15, 11, 17, 26722, 0.66805, 0.961932
1067, 16, 11, 17, 26815, 0.670375, 0.96226
1068, 5, 15, 17, 11945, 0.298625, 0.885948
1069, 6, 15, 17, 11927, 0.298175, 0.885806
1070, 5, 16, 17, 12087, 0.302175, 0.887063
1071, 6, 16, 17, 11736, 0.2934, 0.884282
1072, 9, 16, 17, 20009, 0.500225, 0.93463
1073, 10, 16, 17, 20177, 0.504425, 0.935419
1074, 5, 17, 17, 11989, 0.299725, 0.886295
1075, 6, 17, 17, 12061, 0.301525, 0.88686
1076, 9, 17, 17, 20044, 0.5011, 0.934795
1077, 10, 17, 17, 20074, 0.50185, 0.934937
1078, 5, 18, 17, 11832, 0.2958, 0.885051
1079, 6, 18, 17, 11946, 0.29865, 0.885956
1080, 14, 1, 18, 24274, 0.60685, 0.952865
1081, 18, 1, 18, 33341, 0.833525, 0.982816
1082, 14, 2, 18, 24612, 0.6153, 0.95417
1083, 2, 6, 18, 13457, 0.336425, 0.897196
1084, 3, 6, 18, 13433, 0.335825, 0.897027
1085, 4, 6, 18, 13393, 0.334825, 0.896746
1086, 5, 6, 18, 13300, 0.3325, 0.896088
1087, 2, 7, 18, 13335, 0.333375, 0.896336
1088, 3, 7, 18, 13452, 0.3363, 0.897161
1089, 4, 7, 18, 13405, 0.335125, 0.89683
1090, 5, 7, 18, 13392, 0.3348, 0.896739
1091, 8, 7, 18, 31059, 0.776475, 0.976125
1092, 13, 7, 18, 31234, 0.78085, 0.976656
1093, 17, 7, 18, 31181, 0.779525, 0.976495
1094, 2, 8, 18, 13223, 0.330575, 0.89554
1095, 3, 8, 18, 13305, 0.332625, 0.896124
1096, 4, 8, 18, 13179, 0.329475, 0.895226
1097, 5, 8, 18, 13415, 0.335375, 0.896901
1098, 2, 9, 18, 13306, 0.33265, 0.896131
1099, 3, 9, 18, 13207, 0.330175, 0.895426
1100, 4, 9, 18, 13374, 0.33435, 0.896612
1101, 5, 9, 18, 13370, 0.33425, 0.896584
1102, 9, 10, 18, 14435, 0.360875, 0.903816
1103, 10, 10, 18, 14573, 0.364325, 0.904714
1104, 9, 11, 18, 14604, 0.3651, 0.904915
1105, 10, 11, 18, 14526, 0.36315, 0.904409
1106, 9, 12, 18, 14213, 0.355325, 0.902354
1107, 10, 12, 18, 14393, 0.359825, 0.903541
1108, 9, 13, 18, 14497, 0.362425, 0.904221
1109, 10, 13, 18, 14449, 0.361225, 0.903908
1110, 2, 14, 18, 24347, 0.608675, 0.953148
1111, 17, 14, 18, 33391, 0.834775, 0.982958
1112, 2, 15, 18, 24389, 0.609725, 0.953311
1113, 5, 15, 18, 11855, 0.296375, 0.885234
1114, 6, 15, 18, 11848, 0.2962, 0.885179
1115, 17, 15, 18, 33333, 0.833325, 0.982793
1116, 5, 16, 18, 12044, 0.3011, 0.886727
1117, 6, 16, 18, 11931, 0.298275, 0.885837
1118, 9, 16, 18, 19896, 0.4974, 0.934096
1119, 10, 16, 18, 19825, 0.495625, 0.933759
1120, 13, 16, 18, 22621, 0.565525, 0.946209
1121, 14, 16, 18, 22701, 0.567525, 0.946542
1122, 5, 17, 18, 11850, 0.29625, 0.885195
1123, 6, 17, 18, 11882, 0.29705, 0.885449
1124, 9, 17, 18, 19926, 0.49815, 0.934238
1125, 10, 17, 18, 20065, 0.501625, 0.934894
1126, 13, 17, 18, 22586, 0.56465, 0.946063
1127, 14, 17, 18, 22656, 0.5664, 0.946355
1128, 1, 18, 18, 40000, 1, 1
1129, 5, 18, 18, 11894, 0.29735, 0.885544
1130, 6, 18, 18, 12097, 0.302425, 0.887141
1131, 6, 1, 19, 33431, 0.835775, 0.98307
1132, 7, 1, 19, 33366, 0.83415, 0.982887
1133, 10, 1, 19, 33434, 0.83585, 0.983079
1134, 14, 1, 19, 24143, 0.603575, 0.952354
1135, 10, 2, 19, 33364, 0.8341, 0.982881
1136, 14, 2, 19, 24391, 0.609775, 0.953319
1137, 12, 3, 19, 31033, 0.775825, 0.976046
1138, 11, 4, 19, 31317, 0.782925, 0.976906
1139, 12, 4, 19, 31140, 0.7785, 0.976371
1140, 17, 4, 19, 33347, 0.833675, 0.982833
1141, 18, 4, 19, 33107, 0.827675, 0.982151
1142, 8, 7, 19, 31069, 0.776725, 0.976156
1143, 13, 7, 19, 31165, 0.779125, 0.976447
1144, 17, 7, 19, 31130, 0.77825, 0.976341
1145, 9, 10, 19, 14271, 0.356775, 0.902738
1146, 10, 10, 19, 14457, 0.361425, 0.90396
1147, 9, 11, 19, 14405, 0.360125, 0.90362
1148, 10, 11, 19, 14540, 0.3635, 0.9045
1149, 9, 12, 19, 14293, 0.357325, 0.902883
1150, 10, 12, 19, 14435, 0.360875, 0.903816
1151, 9, 13, 19, 14376, 0.3594, 0.90343
1152, 10, 13, 19, 14364, 0.3591, 0.903351
1153, 2, 14, 19, 24537, 0.613425, 0.953882
1154, 2, 15, 19, 24565, 0.614125, 0.953989
1155, 5, 15, 19, 11802, 0.29505, 0.884812
1156, 6, 15, 19, 11793, 0.294825, 0.88474
1157, 5, 16, 19, 11909, 0.297725, 0.885663
1158, 6, 16, 19, 11992, 0.2998, 0.886319
1159, 13, 16, 19, 22433, 0.560825, 0.945422
1160, 14, 16, 19, 22536, 0.5634, 0.945854
1161, 5, 17, 19, 11703, 0.292575, 0.884017
1162, 6, 17, 19, 12046, 0.30115, 0.886743
1163, 5, 18, 19, 11832, 0.2958, 0.885051
1164, 6, 18, 19, 11959, 0.298975, 0.886059
