WalkerID, PositionX, PositionY, PositionZ, Collisions, XIRate, log10(XIRate)
0, 1, 1, 0, 24508, 0.6127, 0.95377
1, 4, 1, 0, 24481, 0.612025, 0.953666
2, 7, 1, 0, 12687, 0.317175, 0.891635
3, 8, 1, 0, 12724, 0.3181, 0.89191
4, 1, 2, 0, 24425, 0.610625, 0.95345
5, 4, 2, 0, 24375, 0.609375, 0.953257
6, 7, 2, 0, 12555, 0.313875, 0.890648
7, 8, 2, 0, 12477, 0.311925, 0.89006
8, 7, 3, 0, 12655, 0.316375, 0.891397
9, 8, 3, 0, 12635, 0.315875, 0.891248
10, 7, 4, 0, 12674, 0.31685, 0.891539
11, 8, 4, 0, 12789, 0.319725, 0.892391
12, 1, 1, 1, 24470, 0.61175, 0.953624
13, 4, 1, 1, 24594, 0.61485, 0.954101
14, 7, 1, 1, 12745, 0.318625, 0.892066
15, 8, 1, 1, 12756, 0.3189, 0.892147
16, 1, 2, 1, 24423, 0.610575, 0.953442
17, 4, 2, 1, 24490, 0.61225, 0.953701
18, 7, 2, 1, 12633, 0.315825, 0.891233
19, 8, 2, 1, 12671, 0.316775, 0.891516
20, 7, 3, 1, 12867, 0.321675, 0.892965
21, 8, 3, 1, 12612, 0.3153, 0.891076
22, 7, 4, 1, 12732, 0.3183, 0.891969
23, 8, 4, 1, 12837, 0.320925, 0.892744
24, 1, 5, 1, 11113, 0.277825, 0.879135
25, 2, 5, 1, 10989, 0.274725, 0.878076
26, 3, 5, 1, 10989, 0.274725, 0.878076
27, 1, 6, 1, 11098, 0.27745, 0.879007
28, 2, 6, 1, 11133, 0.278325, 0.879305
29, 3, 6, 1, 11160, 0.279, 0.879533
30, 1, 7, 1, 10980, 0.2745, 0.877999
31, 2, 7, 1, 11021, 0.275525, 0.87835
32, 3, 7, 1, 11092, 0.2773, 0.878956
33, 1, 8, 1, 11003, 0.275075, 0.878196
34, 2, 8, 1, 11105, 0.277625, 0.879067
35, 3, 8, 1, 11285, 0.282125, 0.880584
36, 8, 8, 1, 40000, 1, 1
37, 7, 1, 2, 12611, 0.315275, 0.891068
38, 8, 1, 2, 12813, 0.320325, 0.892568
39, 7, 2, 2, 12598, 0.31495, 0.890971
40, 8, 2, 2, 12711, 0.317775, 0.891814
41, 7, 3, 2, 12788, 0.3197, 0.892384
42, 8, 3, 2, 12764, 0.3191, 0.892206
43, 7, 4, 2, 12736, 0.3184, 0.891999
44, 8, 4, 2, 12735, 0.318375, 0.891992
45, 1, 5, 2, 11346, 0.28365, 0.881093
46, 2, 5, 2, 11207, 0.280175, 0.87993
47, 3, 5, 2, 11141, 0.278525, 0.879372
48, 1, 6, 2, 11079, 0.276975, 0.878846
49, 2, 6, 2, 11049, 0.276225, 0.87859
50, 3, 6, 2, 11025, 0.275625, 0.878385
51, 1, 7, 2, 11098, 0.27745, 0.879007
52, 2, 7, 2, 11165, 0.279125, 0.879575
53, 3, 7, 2, 11223, 0.280575, 0.880064
54, 1, 8, 2, 11080, 0.277, 0.878854
55, 2, 8, 2, 11156, 0.2789, 0.879499
56, 3, 8, 2, 11214, 0.28035, 0.879989
57, 1, 5, 3, 11019, 0.275475, 0.878333
58, 2, 5, 3, 11178, 0.27945, 0.879685
59, 3, 5, 3, 11208, 0.2802, 0.879938
60, 1, 6, 3, 11318, 0.28295, 0.88086
61, 2, 6, 3, 11028, 0.2757, 0.87841
62, 3, 6, 3, 11015, 0.275375, 0.878299
63, 1, 7, 3, 11087, 0.277175, 0.878914
64, 2, 7, 3, 11149, 0.278725, 0.87944
65, 3, 7, 3, 10896, 0.2724, 0.877274
66, 1, 8, 3, 11084, 0.2771, 0.878888
67, 2, 8, 3, 11155, 0.278875, 0.879491
68, 3, 8, 3, 11002, 0.27505, 0.878188
69, 2, 1, 4, 33391, 0.834775, 0.982958
70, 1, 5, 4, 11220, 0.2805, 0.880039
71, 2, 5, 4, 11092, 0.2773, 0.878956
72, 3, 5, 4, 10999, 0.274975, 0.878162
73, 1, 6, 4, 11400, 0.285, 0.881541
74, 2, 6, 4, 11259, 0.281475, 0.880367
75, 3, 6, 4, 10982, 0.27455, 0.878016
76, 1, 7, 4, 11032, 0.2758, 0.878444
77, 2, 7, 4, 11260, 0.2815, 0.880375
78, 3, 7, 4, 11096, 0.2774, 0.87899
79, 6, 7, 4, 33245, 0.831125, 0.982544
80, 1, 8, 4, 11121, 0.278025, 0.879203
81, 2, 8, 4, 11153, 0.278825, 0.879474
82, 3, 8, 4, 11192, 0.2798, 0.879803
83, 2, 1, 5, 33272, 0.8318, 0.982621
84, 6, 1, 5, 14595, 0.364875, 0.904857
85, 7, 1, 5, 14324, 0.3581, 0.903088
86, 6, 2, 5, 14335, 0.358375, 0.90316
87, 7, 2, 5, 14403, 0.360075, 0.903607
88, 6, 3, 5, 14431, 0.360775, 0.90379
89, 7, 3, 5, 14417, 0.360425, 0.903699
90, 6, 4, 5, 14421, 0.360525, 0.903725
91, 7, 4, 5, 14522, 0.36305, 0.904383
92, 6, 7, 5, 33306, 0.83265, 0.982717
93, 6, 1, 6, 14368, 0.3592, 0.903377
94, 7, 1, 6, 14401, 0.360025, 0.903594
95, 6, 2, 6, 14287, 0.357175, 0.902844
96, 7, 2, 6, 14469, 0.361725, 0.904038
97, 6, 3, 6, 14347, 0.358675, 0.903239
98, 7, 3, 6, 14352, 0.3588, 0.903272
99, 6, 4, 6, 14381, 0.359525, 0.903463
100, 7, 4, 6, 14434, 0.36085, 0.90381
101, 6, 1, 7, 14525, 0.363125, 0.904403
102, 7, 1, 7, 14392, 0.3598, 0.903535
103, 6, 2, 7, 14533, 0.363325, 0.904455
104, 7, 2, 7, 14176, 0.3544, 0.902108
105, 6, 3, 7, 14497, 0.362425, 0.904221
106, 7, 3, 7, 14480, 0.362, 0.90411
107, 6, 4, 7, 14458, 0.36145, 0.903967
108, 7, 4, 7, 14405, 0.360125, 0.90362
109, 1, 5, 7, 14442, 0.36105, 0.903862
110, 2, 5, 7, 14541, 0.363525, 0.904507
111, 3, 5, 7, 14444, 0.3611, 0.903875
112, 1, 6, 7, 14639, 0.365975, 0.905141
113, 2, 6, 7, 14310, 0.35775, 0.902996
114, 3, 6, 7, 14433, 0.360825, 0.903803
115, 1, 7, 7, 14472, 0.3618, 0.904058
116, 2, 7, 7, 14491, 0.362275, 0.904182
117, 3, 7, 7, 14402, 0.36005, 0.9036
118, 1, 8, 7, 14401, 0.360025, 0.903594
119, 2, 8, 7, 14632, 0.3658, 0.905095
120, 3, 8, 7, 14561, 0.364025, 0.904636
121, 1, 1, 8, 17734, 0.44335, 0.92324
122, 2, 1, 8, 17871, 0.446775, 0.923966
123, 1, 2, 8, 17783, 0.444575, 0.923501
124, 2, 2, 8, 17812, 0.4453, 0.923654
125, 1, 5, 8, 14397, 0.359925, 0.903568
126, 2, 5, 8, 14327, 0.358175, 0.903108
127, 3, 5, 8, 14391, 0.359775, 0.903528
128, 1, 6, 8, 14346, 0.35865, 0.903233
129, 2, 6, 8, 14465, 0.361625, 0.904012
130, 3, 6, 8, 14462, 0.36155, 0.903993
131, 1, 7, 8, 14513, 0.362825, 0.904325
132, 2, 7, 8, 14526, 0.36315, 0.904409
133, 3, 7, 8, 14457, 0.361425, 0.90396
134, 7, 7, 8, 31105, 0.777625, 0.976265
135, 1, 8, 8, 14576, 0.3644, 0.904734
136, 2, 8, 8, 14517, 0.362925, 0.904351
137, 3, 8, 8, 14461, 0.361525, 0.903986
138, 1, 1, 9, 17848, 0.4462, 0.923845
139, 2, 1, 9, 17775, 0.444375, 0.923458
140, 1, 2, 9, 17796, 0.4449, 0.92357
141, 2, 2, 9, 17820, 0.4455, 0.923697
142, 7, 7, 9, 31106, 0.77765, 0.976268
